[gd_scene load_steps=2 format=3 uid="uid://m3lwqqyojp4y"]

[sub_resource type="BoxMesh" id="BoxMesh_tgjqd"]

[node name="TempRomui" type="Node3D"]

[node name="MeshInstance3D" type="MeshInstance3D" parent="."]
transform = Transform3D(1, 0, 0, 0, 1, 0, 0, 0, 1, -8.3399, 0, 4.90733)
mesh = SubResource("BoxMesh_tgjqd")

[node name="MeshInstance3D2" type="MeshInstance3D" parent="."]
transform = Transform3D(1, 0, 0, 0, 1, 0, 0, 0, 1, 3.49995, 9.53674e-07, -5.43612)
mesh = SubResource("BoxMesh_tgjqd")

[node name="MeshInstance3D3" type="MeshInstance3D" parent="."]
transform = Transform3D(1, 0, 0, 0, 1, 0, 0, 0, 1, -5.82572, 0, -4.2547)
mesh = SubResource("BoxMesh_tgjqd")

[node name="MeshInstance3D4" type="MeshInstance3D" parent="."]
transform = Transform3D(1, 0, 0, 0, 1, 0, 0, 0, 1, 0.69814, -9.53674e-07, 6.02416)
mesh = SubResource("BoxMesh_tgjqd")

[node name="MeshInstance3D5" type="MeshInstance3D" parent="."]
transform = Transform3D(1, 0, 0, 0, 1, 0, 0, 0, 1, -1.40261, 0, -6.28129)
mesh = SubResource("BoxMesh_tgjqd")

[node name="MeshInstance3D6" type="MeshInstance3D" parent="."]
transform = Transform3D(1, 0, 0, 0, 0.998003, 0.0631737, 0, -0.0631737, 0.998003, -1.40261, 6.48303, -6.28129)
mesh = SubResource("BoxMesh_tgjqd")

[node name="MeshInstance3D7" type="MeshInstance3D" parent="."]
transform = Transform3D(1, 0, 0, 0, 0.998003, 0.0631737, 0, -0.0631737, 0.998003, -1.40261, -1.15671, 8.01962)
mesh = SubResource("BoxMesh_tgjqd")

[node name="MeshInstance3D8" type="MeshInstance3D" parent="."]
transform = Transform3D(1, 0, 0, 0, 0.998003, 0.0631737, 0, -0.0631737, 0.998003, 7.59739, 5.84329, 8.01962)
mesh = SubResource("BoxMesh_tgjqd")

[node name="MeshInstance3D9" type="MeshInstance3D" parent="."]
transform = Transform3D(1, 0, 0, 0, 0.998003, 0.0631737, 0, -0.0631737, 0.998003, -4.40261, 0.843287, 8.01962)
mesh = SubResource("BoxMesh_tgjqd")
